%US Data on Deaths

USdata = [43876	0	0	0
43877	0	0	0
43878	0	0	0
43879	0	0	0
43880	0	0	0
43881	0	0	0
43882	0	0	0
43883	0	0	0
43884	0	0	0
43885	0	0	0
43886	0	0	0
43887	0	0	0
43888	0	0	0
43889	0	0	0
43890	1	1	0
43891	1	0	0
43892	6	5	0
43893	9	3	1
43894	10	1	1
43895	11	1	1
43896	12	1	1
43897	17	5	2
43898	19	2	2
43899	25	6	2
43900	29	4	2
43901	36	7	3
43902	41	5	4
43903	47	6	5
43904	51	4	4
43905	68	17	7
43906	77	9	7
43907	100	23	10
43908	155	55	17
43909	205	50	23
43910	263	58	30
43911	336	73	40
43912	414	78	49
43913	560	146	69
43914	753	193	93
43915	1015	262	122
43916	1274	259	152
43917	1706	432	206
43918	2154	448	259
43919	2457	303	291
43920	2935	478	339
43921	3681	746	418
43922	4584	903	509
43923	5531	947	608
43924	6587	1056	697
43925	7733	1146	797
43926	9041	1308	940
43927	12224	3183	1327
43928	12916	692	1319
43929	14847	1931	1466
43930	17130	2283	1657
43931	18747	1617	1737
43932	20685	1938	1850
43933	21993	1308	1850
43934	22503	510	1468
43935	24832	2329	1702
43936	27248	2416	1771
43937	29221	1973	1727
43938	31636	2415	1841
43939	33408	1772	1817
43940	35301	1893	1901
43941	37991	2690	2212
43942	40807	2816	2282
43943	42629	1822	2197
43944	45098	2469	2268
43945	46725	1627	2155
43946	48752	2027	2192
43947	50232	1480	2133
43948	51591	1359	1942
43949	53843	2252	1862
43950	56379	2536	1964
43951	58688	2309	1941
43952	60577	1889	1978
43953	62040	1463	1898
43954	63778	1738	1935
43955	64700	922	1872
43956	67153	2453	1901
43957	69507	2354	1875
43958	71833	2326	1877
43959	73485	1652	1844
43960	75120	1635	1868
43961	76101	981	1760
43962	77193	1092	1784
43963	78632	1439	1639
43964	80337	1705	1547
43965	82362	2025	1504
43966	83668	1306	1454
43967	85078	1410	1422
43968	85770	692	1381
43969	86726	956	1361
43970	88042	1316	1344
43971	89430	1388	1299
43972	90521	1091	1165
43973	92355	1834	1241
43974	93387	1032	1187
43975	94018	631	1178
43976	94640	622	1130
43977	95426	786	1054
43978	96819	1393	1055
43979	98069	1250	1078
43980	99141	1072	969
43981	100059	918	953
43982	100741	682	960
43983	101519	778	982
43984	102564	1045	1019
43985	103383	819	937
43986	104408	1025	905
43987	105531	1123	912
43988	106249	718	884
43989	106748	499	858
43990	107550	802	861
43991	108505	955	848
43992	109337	832	850
43993	110260	923	836
43994	110979	719	778
43995	111651	672	771
43996	112065	414	759
43997	112570	505	717
43998	113315	745	687
43999	114064	749	675
44000	114796	732	648
44001	115476	680	642
44002	116068	592	631
44003	116406	338	620
44004	116848	442	611
44005	117649	801	619
44006	118377	728	616
44007	119099	722	614
44008	119786	687	615
44009	120334	548	609
44010	121293	959	698
44011	121738	445	698
44012	122375	637	675
44013	123132	757	679
44014	123833	701	676
44015	124590	757	686
44016	124994	404	665
44017	125335	341	577
44018	125810	475	581
44019	126843	1033	638
44020	127916	1073	683
44021	128775	859	706
44022	129692	917	728
44023	130536	844	791
44024	131187	651	836
44025	131744	557	847
44026	132709	965	838
44027	133833	1124	845
44028	134850	1017	867
44029	135832	982	877
44030	136770	938	890
44031	137474	704	898
44032	138180	706	919
44033	139346	1166	948
44034	140487	1141	950
44035	141710	1223	980
44036	142914	1204	1011
44037	143930	1016	1022
44038	144593	663	1017
44039	145320	727	1020
44040	146603	1283	1036
44041	147922	1319	1062
44042	149299	1377	1084
44043	150624	1325	1101
44044	151695	1071	1109
44045	152382	687	1112
44046	153170	788	1121
44047	154208	1038	1086
44048	155504	1296	1083
44049	156669	1165	1052
44050	157940	1271	1045
44051	158937	997	1034
44052	159592	655	1030
44053	160345	753	1025
44054	161564	1219	1050
44055	162906	1342	1057
44056	164026	1120	1051
44057	165134	1108	1027
44058	166107	973	1024
44059	166890	783	1042
44060	167480	590	1019
44061	168561	1081	999
44062	169812	1251	986
44063	170776	964	964
44064	171775	999	948
44065	172663	888	936
44066	173279	616	912
44067	173786	507	900
44068	174862	1076	900
44069	175965	1103	879
44070	176962	997	883
44071	177860	898	869
44072	178788	928	875
44073	179295	507	859
44074	179808	513	860
44075	180793	985	847
44076	181690	897	817
44077	182653	963	813
44078	183593	940	819
44079	184364	771	796
44080	184874	510	797
44081	185106	232	756
44082	185597	491	686
44083	186661	1064	710
44084	187648	987	713
44085	188573	925	711
44086	189312	739	706
44087	189836	524	708
44088	190278	442	738
44089	191170	892	796
44090	192331	1161	810
44091	193108	777	780
44092	194004	896	775
44093	194612	608	757
44094	194941	329	729
44095	195438	497	737
44096	196224	786	722
44097	197308	1084	711
44098	198163	855	722
44099	198968	805	709
44100	199760	792	735
44101	200078	318	733
44102	200392	314	707
44103	201329	937	729
44104	202135	806	689
44105	202983	848	688
44106	203796	813	689
44107	204451	655	670
44108	204867	416	684
44109	205312	445	702
44110	205965	653	662
44111	206788	823	664
44112	207741	953	679
44113	208647	906	693
44114	209207	560	679
44115	209763	556	699
44116	210188	425	696
44117	210939	751	710
44118	211745	806	708
44119	212628	883	698
44120	213624	996	711
44121	214232	608	717
44122	214782	550	717
44123	215396	614	744
44124	216242	846	757
44125	217305	1063	794
44126	218300	995	810
44127	219261	961	805
44128	220115	854	840
44129	220546	431	823
44130	221140	594	820
44131	222078	938	833
44132	223146	1068	834
44133	224238	1092	848
44134	225286	1048	860
44135	226147	861	861
44136	226645	498	871
44137	227287	642	878
44138	228419	1132	905
44139	229571	1152	917
44140	230722	1151	926
44141	231955	1233	952
44142	233051	1096	986
44143	233639	588	999
44144	234479	840	1027
44145	236382	1903	1137
44146	237450	1068	1125
44147	239117	1667	1199
44148	240437	1320	1211
44149	241736	1299	1240
44150	242500	764	1265
44151	243417	917	1276
44152	245070	1653	1241
44153	246908	1838	1351
44154	248903	1995	1398
44155	250814	1911	1482
44156	252260	1446	1503
44157	253288	1028	1541
44158	254525	1237	1586
44159	256594	2069	1646
44160	258898	2304	1712
44161	260322	1424	1631
44162	261779	1457	1566
44163	263136	1357	1553
44164	264107	971	1545
44165	265544	1437	1574
44166	268080	2536	1640
44167	270862	2782	1709
44168	273743	2881	1917
44169	276209	2466	2061
44170	278539	2330	2200
44171	279795	1256	2241
44172	281567	1772	2289
44173	284220	2653	2305
44174	287456	3236	2370
44175	290291	2835	2364
44176	293334	3043	2446
44177	295687	2353	2449
44178	297276	1589	2497
44179	299114	1838	2506
44180	302073	2959	2550
44181	305523	3450	2581
44182	308971	3448	2668
44183	311717	2746	2626
44184	314336	2619	2664
44185	316066	1730	2684
44186	317963	1897	2692
44187	321208	3245	2733
44188	324649	3441	2732
44189	327476	2827	2643
44190	329102	1626	2483
44191	330638	1536	2328
44192	332296	1658	2318
44193	334264	1968	2328
44194	337734	3470	2360
44195	341479	3745	2404
44196	344733	3254	2465
44197	347211	2478	2587
44198	349719	2508	2725
44199	351417	1698	2731
44200	353506	2089	2748
44201	357152	3646	2774
44202	360987	3835	2786
44203	365135	4148	2914
44204	368785	3650	3082
44205	372268	3483	3221
44206	374549	2281	3304
44207	376851	2302	3335
44208	381048	4197	3413
44209	385187	4139	3457
44210	389078	3891	3420
44211	392692	3614	3415
44212	396220	3528	3421
44213	398266	2046	3388
44214	400212	1946	3337
44215	402549	2337	3071
44216	406847	4298	3094
44217	410805	3958	3103
44218	414605	3800	3130
44219	417912	3307	3098
44220	419990	2078	3103
44221	422190	2200	3139
44222	425918	3728	3338
44223	429841	3923	3284
44224	433455	3614	3235
44225	436940	3485	3190
44226	439753	2813	3120
44227	441828	2075	3119
44228	443701	1873	3073
44229	447052	3351	3019
44230	450635	3583	2970
44231	454106	3471	2950
44232	457518	3412	2939
44233	460233	2715	2925
44234	461770	1537	2848
44235	463401	1631	2814
44236	466126	2725	2724
44237	469579	3453	2706
44238	472900	3321	2684
44239	475679	2779	2594
44240	477705	2026	2496
44241	478994	1289	2460
44242	480241	1247	2405
44243	481743	1502	2231
44244	484403	2660	2117
44245	486866	2463	1995
44246	489396	2530	1959
44247	491419	2023	1959
44248	492686	1267	1956
44249	494302	1616	2008
44250	496308	2006	2080
44251	498492	2184	2012
44252	500715	2223	1978
44253	502624	1909	1889
44254	504361	1737	1848
